>> eps

ans =

   2.2204e-16
>> root = Bisection('func',2,4,10^-6)
 
      k  |       a(k)    |      b(k)     | b(k) - a(k) 
      1  |    2.0000000  |    4.0000000  |    2.0000000
      2  |    3.0000000  |    4.0000000  |    1.0000000
      3  |    3.0000000  |    3.5000000  |    0.5000000
      4  |    3.0000000  |    3.2500000  |    0.2500000
      5  |    3.1250000  |    3.2500000  |    0.1250000
      6  |    3.1250000  |    3.1875000  |    0.0625000
      7  |    3.1250000  |    3.1562500  |    0.0312500
      8  |    3.1406250  |    3.1562500  |    0.0156250
      9  |    3.1406250  |    3.1484375  |    0.0078125
     10  |    3.1406250  |    3.1445312  |    0.0039062
     11  |    3.1406250  |    3.1425781  |    0.0019531
     12  |    3.1406250  |    3.1416016  |    0.0009766
     13  |    3.1411133  |    3.1416016  |    0.0004883
     14  |    3.1413574  |    3.1416016  |    0.0002441
     15  |    3.1414795  |    3.1416016  |    0.0001221
     16  |    3.1415405  |    3.1416016  |    0.0000610
     17  |    3.1415710  |    3.1416016  |    0.0000305
     18  |    3.1415863  |    3.1416016  |    0.0000153
     19  |    3.1415863  |    3.1415939  |    0.0000076
     20  |    3.1415901  |    3.1415939  |    0.0000038
     21  |    3.1415920  |    3.1415939  |    0.0000019
     22  |    3.1415920  |    3.1415930  |    0.0000010

root =

    3.1416


